771
-0.990190 4.110479 2.390160 
0.000000 0.755024 0.655697 
0.000000 0.000000 
0.990190 4.110479 2.390160 
0.384506 0.700413 0.601312 
0.000000 0.000000 
0.799550 4.644800 2.210960 
0.507371 0.552769 0.661076 
0.000000 0.000000 
-0.799550 4.644800 2.210960 
0.000000 0.443585 0.896232 
0.000000 0.000000 
-0.739000 2.588640 3.349210 
-0.321310 -0.845773 0.425944 
0.000000 0.000000 
0.739000 2.588640 3.349210 
0.321310 -0.845773 0.425944 
0.000000 0.000000 
0.493670 3.061020 5.022200 
0.392101 -0.912429 0.117177 
0.000000 0.000000 
-0.493670 3.061020 5.022200 
-0.564001 -0.802445 0.194899 
0.000000 0.000000 
0.415570 3.664900 4.964990 
0.000000 0.997576 0.069584 
0.000000 0.000000 
-0.415570 3.664900 4.964990 
0.000000 0.997576 0.069584 
0.000000 0.000000 
-0.385450 3.680130 6.625579 
0.000000 0.950000 -0.312250 
0.000000 0.000000 
0.385450 3.680130 6.625579 
0.000000 0.950000 -0.312250 
0.000000 0.000000 
-1.065390 4.396150 -2.210290 
-0.451216 0.808543 -0.377708 
0.000000 0.000000 
1.065390 4.396150 -2.210290 
0.451216 0.808542 -0.377707 
0.000000 0.000000 
-0.360120 2.909460 7.130040 
0.000000 -0.996700 -0.081176 
0.000000 0.000000 
0.360120 2.909460 7.130040 
0.000000 -0.996700 -0.081176 
0.000000 0.000000 
0.239160 2.796770 8.354289 
0.000000 -0.917094 0.398671 
0.000000 0.000000 
-0.239160 2.796770 8.354289 
0.000000 -0.917094 0.398671 
0.000000 0.000000 
-1.005800 0.965240 -1.972240 
-0.526060 -0.850422 0.006512 
0.000000 0.000000 
-1.515060 1.297530 0.219490 
-0.747104 -0.638716 0.184056 
0.000000 0.000000 
-1.533430 1.288660 -2.342580 
-0.778111 -0.623768 -0.073875 
0.000000 0.000000 
-1.734280 1.873450 0.211150 
-0.968762 -0.213996 0.125321 
0.000000 0.000000 
-1.722030 1.878460 -2.451390 
-0.972090 -0.228075 -0.054977 
0.000000 0.000000 
-1.788670 2.724460 0.202520 
-0.993343 0.063386 0.096187 
0.000000 0.000000 
-1.763230 2.701620 -2.486760 
-0.997167 0.074812 -0.007825 
0.000000 0.000000 
-1.121190 2.897490 3.299420 
-0.885903 -0.289168 0.362710 
0.000000 0.000000 
-1.365260 2.704430 2.441060 
-0.969735 -0.074150 0.232628 
0.000000 0.000000 
-1.256690 2.274530 2.386770 
-0.735244 -0.556957 0.386284 
0.000000 0.000000 
-1.510040 4.033880 0.148810 
-0.923811 0.378648 0.056564 
0.000000 0.000000 
-1.289330 3.338180 2.463490 
-0.946540 0.239616 0.215977 
0.000000 0.000000 
-1.290000 4.397930 0.248570 
-0.932912 0.355411 0.057956 
0.000000 0.000000 
-0.910550 5.162980 0.265800 
-0.423551 0.904154 0.055765 
0.000000 0.000000 
-1.215350 4.822199 0.274280 
-0.901400 0.429100 0.057895 
0.000000 0.000000 
-0.606150 4.917270 1.980790 
-0.284744 0.854608 0.434241 
0.000000 0.000000 
-0.931270 4.844399 -1.800030 
-0.871115 0.481056 -0.098714 
0.000000 0.000000 
-0.689830 5.074260 -1.516830 
-0.244170 0.920152 -0.306108 
0.000000 0.000000 
-0.824310 2.059230 2.439440 
-0.226484 -0.851036 0.473754 
0.000000 0.000000 
-1.049270 3.420690 3.392450 
-0.908519 0.337199 0.246760 
0.000000 0.000000 
-0.730890 3.881350 3.415260 
-0.474693 0.844317 0.248585 
0.000000 0.000000 
-0.566800 3.277940 5.042220 
-0.982049 0.052938 0.181044 
0.000000 0.000000 
-1.490090 4.010439 -2.377910 
-0.886725 0.462160 -0.011289 
0.000000 0.000000 
-1.532970 1.924510 -3.815690 
-0.793035 -0.429797 -0.431707 
0.000000 0.000000 
-1.477170 1.429880 -3.546060 
-0.743336 -0.592178 -0.311091 
0.000000 0.000000 
-1.011510 1.292580 -3.810760 
-0.281745 -0.835259 -0.472188 
0.000000 0.000000 
-1.008980 1.882730 -4.468279 
-0.274489 -0.715094 -0.642881 
0.000000 0.000000 
-0.239160 4.962080 8.331779 
-0.997368 0.064875 0.032387 
0.000000 0.000000 
-0.322860 3.484660 8.713649 
-0.997624 0.043486 0.053435 
0.000000 0.000000 
-0.239160 4.628610 9.099719 
-0.997589 0.063661 0.027644 
0.000000 0.000000 
-0.322860 2.994360 8.527359 
-0.981866 -0.174019 0.075218 
0.000000 0.000000 
-0.480150 3.203410 6.829229 
-0.996806 -0.068761 0.040621 
0.000000 0.000000 
0.985470 0.968750 0.225630 
0.238740 -0.865851 0.439665 
0.000000 0.000000 
0.606150 4.917270 1.980790 
0.284744 0.854608 0.434241 
0.000000 0.000000 
0.689830 5.074260 -1.516830 
0.244170 0.920152 -0.306108 
0.000000 0.000000 
0.931270 4.844399 -1.800030 
0.549093 0.701640 -0.454090 
0.000000 0.000000 
0.910550 5.162980 0.265800 
0.423551 0.904154 0.055765 
0.000000 0.000000 
0.730890 3.881350 3.415260 
0.304463 0.922093 0.238846 
0.000000 0.000000 
0.824310 2.059230 2.439440 
0.226484 -0.851036 0.473754 
0.000000 0.000000 
1.008980 1.882730 -4.468279 
0.274489 -0.715094 -0.642881 
0.000000 0.000000 
1.011510 1.292580 -3.810760 
0.281745 -0.835259 -0.472189 
0.000000 0.000000 
0.322860 3.484660 8.713649 
0.000000 -0.337932 0.941171 
0.000000 0.000000 
0.239160 4.628610 9.099719 
0.000000 -0.319769 0.947495 
0.000000 0.000000 
0.239160 4.962080 8.331779 
0.000000 0.799482 -0.600689 
0.000000 0.000000 
0.322860 2.994360 8.527359 
0.000000 -0.498288 0.867011 
0.000000 0.000000 
1.005800 0.965240 -1.972240 
0.526061 -0.850422 0.006512 
0.000000 0.000000 
1.515060 1.297530 0.219490 
0.747104 -0.638716 0.184056 
0.000000 0.000000 
1.533430 1.288660 -2.342580 
0.778111 -0.623768 -0.073875 
0.000000 0.000000 
1.722030 1.878460 -2.451390 
0.972090 -0.228075 -0.054977 
0.000000 0.000000 
1.734280 1.873450 0.211150 
0.968762 -0.213996 0.125321 
0.000000 0.000000 
1.763230 2.701620 -2.486760 
0.997167 0.074812 -0.007825 
0.000000 0.000000 
1.788670 2.724460 0.202520 
0.993343 0.063386 0.096187 
0.000000 0.000000 
1.121190 2.897490 3.299420 
0.885903 -0.289168 0.362710 
0.000000 0.000000 
1.256690 2.274530 2.386770 
0.735244 -0.556957 0.386284 
0.000000 0.000000 
1.365260 2.704430 2.441060 
0.969735 -0.074150 0.232628 
0.000000 0.000000 
1.289330 3.338180 2.463490 
0.946540 0.239616 0.215977 
0.000000 0.000000 
1.510040 4.033880 0.148810 
0.923811 0.378648 0.056564 
0.000000 0.000000 
1.290000 4.397930 0.248570 
0.932912 0.355411 0.057956 
0.000000 0.000000 
1.215350 4.822199 0.274280 
0.901400 0.429100 0.057895 
0.000000 0.000000 
1.049270 3.420690 3.392450 
0.908519 0.337199 0.246760 
0.000000 0.000000 
0.566800 3.277940 5.042220 
0.982049 0.052938 0.181044 
0.000000 0.000000 
1.490090 4.010439 -2.377910 
0.886725 0.462160 -0.011289 
0.000000 0.000000 
1.532970 1.924510 -3.815690 
0.793035 -0.429797 -0.431707 
0.000000 0.000000 
1.477170 1.429880 -3.546060 
0.743336 -0.592178 -0.311091 
0.000000 0.000000 
0.480150 3.203410 6.829229 
0.996806 -0.068761 0.040621 
0.000000 0.000000 
0.372300 5.605309 0.284660 
-0.052809 -0.439104 0.896883 
0.000000 0.000000 
-0.372300 5.605309 0.284660 
-0.893229 -0.446254 -0.054764 
0.000000 0.000000 
-0.372300 5.605309 -0.445050 
0.052809 -0.439104 -0.896883 
0.000000 0.000000 
0.372300 5.605309 -0.445050 
0.893229 -0.446254 0.054764 
0.000000 0.000000 
0.000000 6.062769 -0.472490 
0.000000 0.999981 0.006237 
0.000000 0.000000 
0.372300 6.024240 -0.445050 
0.249227 0.936018 -0.248507 
0.000000 0.000000 
0.400300 6.062769 -0.080200 
-0.006092 0.999982 -0.000001 
0.000000 0.000000 
-0.400300 6.062769 -0.080200 
0.006092 0.999982 -0.000001 
0.000000 0.000000 
-0.372300 6.024240 -0.445050 
-0.249227 0.936018 -0.248507 
0.000000 0.000000 
0.000000 6.062769 0.312100 
0.000000 0.999981 -0.006237 
0.000000 0.000000 
-0.372300 6.024240 0.284660 
-0.249227 0.936019 0.248506 
0.000000 0.000000 
0.372300 6.024240 0.284660 
0.249227 0.936019 0.248506 
0.000000 0.000000 
-7.771689 5.607110 -0.619220 
-0.078475 -0.873047 -0.481281 
0.000000 0.000000 
-9.009559 5.669509 -0.471690 
-0.112920 -0.919188 -0.377282 
0.000000 0.000000 
-9.442809 5.814780 -0.601710 
-0.222204 -0.892967 -0.391453 
0.000000 0.000000 
-7.771689 5.814780 -0.798900 
-0.088881 -0.651715 -0.753238 
0.000000 0.000000 
-9.009559 5.960040 -0.471690 
-0.112916 0.919191 -0.377277 
0.000000 0.000000 
-7.771689 6.022439 -0.619220 
-0.078471 0.873052 -0.481271 
0.000000 0.000000 
-7.771689 5.607110 0.458830 
-0.078475 -0.873047 0.481280 
0.000000 0.000000 
-9.009559 5.669509 0.311300 
-0.112921 -0.919190 0.377279 
0.000000 0.000000 
-9.442809 5.626379 -0.080200 
-0.230000 -0.973191 -0.000003 
0.000000 0.000000 
-7.771689 5.537889 -0.080200 
-0.052878 -0.998601 -0.000001 
0.000000 0.000000 
-7.771689 6.022439 0.458830 
-0.078472 0.873053 0.481270 
0.000000 0.000000 
-9.009559 5.960040 0.311300 
-0.112917 0.919192 0.377275 
0.000000 0.000000 
-9.442809 5.814780 0.441320 
-0.222194 0.892974 0.391441 
0.000000 0.000000 
-7.771689 5.814780 0.638510 
-0.088879 0.651734 0.753222 
0.000000 0.000000 
-9.442809 6.003180 -0.080200 
-0.229993 0.973192 -0.000003 
0.000000 0.000000 
-7.771689 6.091660 -0.080200 
-0.052872 0.998601 -0.000001 
0.000000 0.000000 
0.550030 5.607110 -7.696450 
0.476181 -0.875641 -0.080659 
0.000000 0.000000 
0.399490 5.669509 -8.909569 
0.370889 -0.921389 -0.116117 
0.000000 0.000000 
0.532160 5.814780 -9.334149 
0.387025 -0.894009 -0.225741 
0.000000 0.000000 
0.733370 5.814780 -7.696450 
0.746496 -0.659038 -0.091716 
0.000000 0.000000 
0.399490 5.960040 -8.909569 
0.370884 0.921392 -0.116112 
0.000000 0.000000 
0.550030 6.022439 -7.696450 
0.476171 0.875646 -0.080655 
0.000000 0.000000 
-0.550030 5.607110 -7.696450 
-0.476181 -0.875641 -0.080659 
0.000000 0.000000 
-0.399490 5.669509 -8.909569 
-0.370889 -0.921389 -0.116117 
0.000000 0.000000 
0.000000 5.626379 -9.334149 
0.000000 -0.972396 -0.233337 
0.000000 0.000000 
0.000000 5.537889 -7.696450 
0.000000 -0.998543 -0.053954 
0.000000 0.000000 
-0.550030 6.022439 -7.696450 
-0.476171 0.875646 -0.080655 
0.000000 0.000000 
-0.399490 5.960040 -8.909569 
-0.370884 0.921392 -0.116112 
0.000000 0.000000 
-0.532160 5.814780 -9.334149 
-0.387018 0.894015 -0.225730 
0.000000 0.000000 
-0.733370 5.814780 -7.696450 
-0.746480 0.659057 -0.091714 
0.000000 0.000000 
0.000000 6.003180 -9.334149 
-0.000000 0.972398 -0.233330 
0.000000 0.000000 
0.000000 6.091660 -7.696450 
-0.000000 0.998544 -0.053948 
0.000000 0.000000 
0.550030 6.022439 7.536059 
0.476171 0.875646 0.080655 
0.000000 0.000000 
0.399490 5.960040 8.749169 
0.370883 0.921392 0.116112 
0.000000 0.000000 
0.532160 5.814780 9.173759 
0.387017 0.894016 0.225728 
0.000000 0.000000 
0.733370 5.814780 7.536059 
0.746480 0.659057 0.091714 
0.000000 0.000000 
0.399490 5.669509 8.749169 
0.370887 -0.921390 0.116116 
0.000000 0.000000 
0.550030 5.607110 7.536059 
0.476181 -0.875640 0.080659 
0.000000 0.000000 
-0.550030 6.022439 7.536059 
-0.476171 0.875646 0.080655 
0.000000 0.000000 
-0.399490 5.960040 8.749169 
-0.370883 0.921392 0.116112 
0.000000 0.000000 
0.000000 6.003180 9.173759 
0.000000 0.972398 0.233329 
0.000000 0.000000 
0.000000 6.091660 7.536059 
0.000000 0.998544 0.053948 
0.000000 0.000000 
-0.550030 5.607110 7.536059 
-0.476181 -0.875640 0.080659 
0.000000 0.000000 
-0.399490 5.669509 8.749169 
-0.370887 -0.921390 0.116116 
0.000000 0.000000 
-0.532160 5.814780 9.173759 
-0.387024 -0.894010 0.225739 
0.000000 0.000000 
-0.733370 5.814780 7.536059 
-0.746496 -0.659038 0.091716 
0.000000 0.000000 
0.000000 5.626379 9.173759 
0.000000 -0.972396 0.233336 
0.000000 0.000000 
0.000000 5.537889 7.536059 
0.000000 -0.998543 0.053954 
0.000000 0.000000 
7.771689 5.607110 -0.619220 
0.078475 -0.873047 -0.481281 
0.000000 0.000000 
9.009559 5.669509 -0.471690 
0.112920 -0.919188 -0.377282 
0.000000 0.000000 
9.442809 5.626379 -0.080200 
0.230000 -0.973191 -0.000003 
0.000000 0.000000 
7.771689 5.537889 -0.080200 
0.052878 -0.998601 -0.000001 
0.000000 0.000000 
9.009559 5.669509 0.311300 
0.112921 -0.919190 0.377279 
0.000000 0.000000 
7.771689 5.607110 0.458830 
0.078475 -0.873047 0.481280 
0.000000 0.000000 
7.771689 6.022439 -0.619220 
0.078471 0.873052 -0.481271 
0.000000 0.000000 
9.009559 5.960040 -0.471690 
0.112916 0.919191 -0.377277 
0.000000 0.000000 
9.442809 5.814780 -0.601710 
0.222193 0.892973 -0.391446 
0.000000 0.000000 
7.771689 5.814780 -0.798900 
0.088879 0.651734 -0.753222 
0.000000 0.000000 
7.771689 6.022439 0.458830 
0.078472 0.873053 0.481270 
0.000000 0.000000 
9.009559 5.960040 0.311300 
0.112917 0.919192 0.377274 
0.000000 0.000000 
9.442809 6.003180 -0.080200 
0.229993 0.973192 -0.000003 
0.000000 0.000000 
7.771689 6.091660 -0.080200 
0.052872 0.998601 -0.000001 
0.000000 0.000000 
9.442809 5.814780 0.441320 
0.222205 -0.892969 0.391448 
0.000000 0.000000 
7.771689 5.814780 0.638510 
0.088881 -0.651715 0.753238 
0.000000 0.000000 
-3.315370 6.022439 -0.619220 
0.040751 0.872001 -0.487805 
0.000000 0.000000 
-0.483640 5.814780 -0.554160 
0.053472 0.449858 -0.891498 
0.000000 0.000000 
-3.315370 5.814780 -0.798900 
0.065219 0.652930 -0.754605 
0.000000 0.000000 
-3.315370 5.607110 -0.619220 
0.040754 -0.871995 -0.487816 
0.000000 0.000000 
-3.315370 5.537889 -0.080200 
0.009914 -0.999951 -0.000001 
0.000000 0.000000 
-3.315370 5.607110 0.458830 
0.040754 -0.871995 0.487815 
0.000000 0.000000 
-0.483640 5.814780 0.393770 
0.053473 -0.449841 0.891506 
0.000000 0.000000 
-3.315370 5.814780 0.638510 
0.065220 -0.652912 0.754621 
0.000000 0.000000 
-3.315370 6.022439 0.458830 
0.040751 0.872001 0.487804 
0.000000 0.000000 
-3.315370 6.091660 -0.080200 
0.009910 0.999951 -0.000001 
0.000000 0.000000 
0.550030 6.022439 -3.329260 
0.482828 0.874708 0.041982 
0.000000 0.000000 
0.483640 5.814780 -0.554160 
0.887534 0.457393 0.055459 
0.000000 0.000000 
0.733370 5.814780 -3.329260 
0.747939 0.660346 0.067307 
0.000000 0.000000 
0.550030 5.607110 -3.329260 
0.482838 -0.874703 0.041984 
0.000000 0.000000 
0.000000 5.537889 -3.329260 
0.000000 -0.999949 0.010116 
0.000000 0.000000 
-0.550030 5.607110 -3.329260 
-0.482838 -0.874703 0.041985 
0.000000 0.000000 
-0.733370 5.814780 -3.329260 
-0.747956 -0.660327 0.067308 
0.000000 0.000000 
-0.550030 6.022439 -3.329260 
-0.482828 0.874708 0.041982 
0.000000 0.000000 
0.000000 6.091660 -3.329260 
0.000000 0.999949 0.010112 
0.000000 0.000000 
0.550030 5.607110 3.168870 
0.482838 -0.874702 -0.041985 
0.000000 0.000000 
0.483640 5.814780 0.393770 
0.887543 -0.457376 -0.055460 
0.000000 0.000000 
0.733370 5.814780 3.168870 
0.747956 -0.660327 -0.067308 
0.000000 0.000000 
0.550030 6.022439 3.168870 
0.482828 0.874708 -0.041982 
0.000000 0.000000 
0.000000 6.091660 3.168870 
0.000000 0.999949 -0.010112 
0.000000 0.000000 
-0.550030 6.022439 3.168870 
-0.482828 0.874708 -0.041982 
0.000000 0.000000 
-0.733370 5.814780 3.168870 
-0.747939 0.660346 -0.067307 
0.000000 0.000000 
-0.550030 5.607110 3.168870 
-0.482838 -0.874702 -0.041985 
0.000000 0.000000 
0.000000 5.537889 3.168870 
0.000000 -0.999949 -0.010116 
0.000000 0.000000 
3.315370 5.607110 0.458830 
-0.040754 -0.871995 0.487815 
0.000000 0.000000 
3.315370 5.537889 -0.080200 
-0.009914 -0.999951 -0.000001 
0.000000 0.000000 
3.315370 5.607110 -0.619220 
-0.040754 -0.871995 -0.487816 
0.000000 0.000000 
3.315370 5.814780 -0.798900 
-0.065220 -0.652912 -0.754621 
0.000000 0.000000 
3.315370 6.022439 -0.619220 
-0.040751 0.872001 -0.487805 
0.000000 0.000000 
3.315370 6.091660 -0.080200 
-0.009910 0.999951 -0.000001 
0.000000 0.000000 
3.315370 6.022439 0.458830 
-0.040751 0.872001 0.487804 
0.000000 0.000000 
3.315370 5.814780 0.638510 
-0.065219 0.652930 0.754605 
0.000000 0.000000 
-9.999849 5.814780 -0.080200 
-0.320388 -0.947286 -0.000001 
0.000000 0.000000 
0.000000 5.814780 -9.880049 
0.000000 -0.945288 -0.326237 
0.000000 0.000000 
0.000000 5.814780 9.719659 
0.000000 0.945288 0.326236 
0.000000 0.000000 
9.999849 5.814780 -0.080200 
0.320388 -0.947286 -0.000001 
0.000000 0.000000 
-0.965590 3.590760 7.530910 
-0.655853 0.731198 0.187635 
0.000000 0.000000 
-1.015900 3.473250 7.469019 
-0.994460 -0.000000 0.105116 
0.000000 0.000000 
-0.658600 3.473250 6.576129 
0.999702 -0.000000 0.024419 
0.000000 0.000000 
-0.715060 3.749980 6.576129 
0.765511 0.635306 0.101878 
0.000000 0.000000 
-1.053820 3.749980 6.576129 
-0.769317 0.614823 0.173620 
0.000000 0.000000 
-1.110280 3.473250 6.576129 
-0.992306 -0.000000 0.123811 
0.000000 0.000000 
-0.884440 3.834430 6.576129 
-0.011500 0.981663 0.190277 
0.000000 0.000000 
-0.837050 3.627450 7.495950 
0.016854 0.975652 0.218675 
0.000000 0.000000 
-0.965590 3.355740 7.530910 
-0.655826 -0.731220 0.187644 
0.000000 0.000000 
-0.715060 3.196520 6.576129 
0.765511 -0.635306 0.101878 
0.000000 0.000000 
-1.053820 3.196520 6.576129 
-0.769317 -0.614823 0.173620 
0.000000 0.000000 
-0.884440 3.112070 6.576129 
-0.011500 -0.981663 0.190277 
0.000000 0.000000 
-0.837050 3.319060 7.495950 
0.016848 -0.975650 0.218685 
0.000000 0.000000 
-0.715900 3.590760 7.761270 
0.262580 0.945035 -0.194834 
0.000000 0.000000 
-0.965590 3.590760 7.761270 
-0.655853 0.731197 -0.187637 
0.000000 0.000000 
-1.015900 3.473250 7.823160 
-0.994460 -0.000000 -0.105117 
0.000000 0.000000 
-0.837050 3.627450 7.796229 
0.016854 0.975652 -0.218678 
0.000000 0.000000 
-0.715060 3.749980 8.716039 
0.765510 0.635306 -0.101880 
0.000000 0.000000 
-0.658600 3.473250 8.716039 
0.999702 -0.000000 -0.024419 
0.000000 0.000000 
-1.110280 3.473250 8.716039 
-0.992306 -0.000000 -0.123812 
0.000000 0.000000 
-1.053820 3.749980 8.716039 
-0.769317 0.614823 -0.173622 
0.000000 0.000000 
-0.884440 3.834430 8.716039 
-0.011500 0.981663 -0.190279 
0.000000 0.000000 
-0.965590 3.355740 7.761270 
-0.655826 -0.731219 -0.187646 
0.000000 0.000000 
-0.715900 3.355740 7.761270 
0.262513 -0.945050 -0.194850 
0.000000 0.000000 
-0.837050 3.319060 7.796229 
0.016848 -0.975649 -0.218688 
0.000000 0.000000 
-0.715060 3.196520 8.716039 
0.765511 -0.635306 -0.101880 
0.000000 0.000000 
-1.053820 3.196520 8.716039 
-0.769317 -0.614823 -0.173622 
0.000000 0.000000 
-0.884440 3.112070 8.716039 
-0.011500 -0.981663 -0.190280 
0.000000 0.000000 
-0.988500 0.968230 -0.101870 
-0.527483 -0.849543 0.006234 
0.000000 0.000000 
-1.038340 0.000000 -0.187090 
0.000000 -1.000000 0.000000 
0.000000 0.000000 
-1.343710 0.000000 -0.187090 
0.000000 -1.000000 0.000000 
0.000000 0.000000 
-1.038340 0.000000 -1.949480 
0.000000 -1.000000 0.000000 
0.000000 0.000000 
-1.343710 0.000000 -1.949480 
0.000000 -1.000000 0.000000 
0.000000 0.000000 
-0.985470 0.968750 0.225630 
-0.352545 -0.888121 0.294877 
0.000000 0.000000 
-1.009550 0.964590 -2.378060 
-0.360186 -0.922049 -0.141742 
0.000000 0.000000 
-0.990190 4.110479 2.390160 
-0.897465 0.378555 0.226389 
0.000000 0.000000 
-0.799550 4.644800 2.210960 
-0.854742 0.478986 0.199971 
0.000000 0.000000 
-1.065390 4.396150 -2.210290 
-0.930430 0.356417 -0.085250 
0.000000 0.000000 
-0.415570 3.664900 4.964990 
-0.914297 0.373655 0.156341 
0.000000 0.000000 
-0.385450 3.680130 6.625579 
-0.983388 0.179101 0.029522 
0.000000 0.000000 
-0.360120 2.909460 7.130040 
-0.937923 -0.344211 0.042644 
0.000000 0.000000 
-0.239160 2.796770 8.354289 
-0.903166 -0.426371 0.049989 
0.000000 0.000000 
-0.931270 4.844399 -1.800030 
0.000000 0.712940 -0.701225 
0.000000 0.000000 
1.009550 0.964590 -2.378060 
0.360186 -0.922049 -0.141742 
0.000000 0.000000 
-0.322860 3.484660 8.713649 
0.000000 -0.337932 0.941171 
0.000000 0.000000 
-0.239160 4.628610 9.099719 
0.000000 -0.319769 0.947495 
0.000000 0.000000 
-0.239160 4.962080 8.331779 
0.000000 0.799482 -0.600689 
0.000000 0.000000 
-0.239160 4.628610 9.099719 
0.000000 0.917252 0.398307 
0.000000 0.000000 
0.239160 4.628610 9.099719 
0.000000 0.917252 0.398307 
0.000000 0.000000 
0.239160 4.962080 8.331779 
0.000000 0.917252 0.398307 
0.000000 0.000000 
-0.239160 4.962080 8.331779 
0.000000 0.917252 0.398307 
0.000000 0.000000 
-0.322860 2.994360 8.527359 
0.000000 -0.498288 0.867011 
0.000000 0.000000 
0.988500 0.968230 -0.101870 
0.527483 -0.849543 0.006234 
0.000000 0.000000 
1.038340 0.000000 -0.187090 
0.000000 -1.000000 0.000000 
0.000000 0.000000 
1.343710 0.000000 -0.187090 
0.000000 -1.000000 0.000000 
0.000000 0.000000 
1.038340 0.000000 -1.949480 
0.000000 -1.000000 0.000000 
0.000000 0.000000 
1.343710 0.000000 -1.949480 
0.000000 -1.000000 0.000000 
0.000000 0.000000 
0.985470 0.968750 0.225630 
0.527485 -0.849542 0.006229 
0.000000 0.000000 
0.990190 4.110479 2.390160 
0.904543 0.382172 0.189068 
0.000000 0.000000 
1.065390 4.396150 -2.210290 
0.930430 0.356417 -0.085250 
0.000000 0.000000 
0.730890 3.881350 3.415260 
0.850444 0.473804 0.228591 
0.000000 0.000000 
0.415570 3.664900 4.964990 
0.914297 0.373655 0.156341 
0.000000 0.000000 
0.493670 3.061020 5.022200 
0.877161 -0.328078 0.350646 
0.000000 0.000000 
0.322860 3.484660 8.713649 
0.997624 0.043486 0.053435 
0.000000 0.000000 
0.385450 3.680130 6.625579 
0.983388 0.179101 0.029522 
0.000000 0.000000 
0.239160 4.962080 8.331779 
0.997368 0.064875 0.032387 
0.000000 0.000000 
0.239160 4.628610 9.099719 
0.997589 0.063661 0.027644 
0.000000 0.000000 
0.360120 2.909460 7.130040 
0.937923 -0.344211 0.042644 
0.000000 0.000000 
0.322860 2.994360 8.527359 
0.981866 -0.174019 0.075218 
0.000000 0.000000 
0.239160 2.796770 8.354289 
0.903166 -0.426371 0.049989 
0.000000 0.000000 
0.372300 5.605309 0.284660 
0.893229 -0.446254 -0.054764 
0.000000 0.000000 
-0.372300 5.605309 0.284660 
0.052809 -0.439104 0.896883 
0.000000 0.000000 
-0.372300 5.605309 -0.445050 
-0.893229 -0.446254 0.054764 
0.000000 0.000000 
0.372300 5.605309 -0.445050 
-0.052809 -0.439104 -0.896883 
0.000000 0.000000 
-9.442809 5.814780 -0.601710 
-0.222193 0.892973 -0.391446 
0.000000 0.000000 
-7.771689 5.814780 -0.798900 
-0.088879 0.651734 -0.753222 
0.000000 0.000000 
-9.442809 5.814780 0.441320 
-0.222205 -0.892969 0.391448 
0.000000 0.000000 
-7.771689 5.814780 0.638510 
-0.088881 -0.651715 0.753238 
0.000000 0.000000 
0.532160 5.814780 -9.334149 
0.387018 0.894015 -0.225730 
0.000000 0.000000 
0.733370 5.814780 -7.696450 
0.746480 0.659057 -0.091714 
0.000000 0.000000 
-0.532160 5.814780 -9.334149 
-0.387025 -0.894009 -0.225741 
0.000000 0.000000 
-0.733370 5.814780 -7.696450 
-0.746496 -0.659038 -0.091716 
0.000000 0.000000 
0.532160 5.814780 9.173759 
0.387024 -0.894010 0.225739 
0.000000 0.000000 
0.733370 5.814780 7.536059 
0.746496 -0.659038 0.091716 
0.000000 0.000000 
-0.532160 5.814780 9.173759 
-0.387017 0.894016 0.225728 
0.000000 0.000000 
-0.733370 5.814780 7.536059 
-0.746480 0.659057 0.091714 
0.000000 0.000000 
9.442809 5.814780 -0.601710 
0.222204 -0.892967 -0.391453 
0.000000 0.000000 
7.771689 5.814780 -0.798900 
0.088881 -0.651715 -0.753238 
0.000000 0.000000 
9.442809 5.814780 0.441320 
0.222194 0.892974 0.391441 
0.000000 0.000000 
7.771689 5.814780 0.638510 
0.088879 0.651734 0.753222 
0.000000 0.000000 
-0.483640 5.814780 -0.554160 
0.053473 -0.449841 -0.891506 
0.000000 0.000000 
-3.315370 5.814780 -0.798900 
0.065220 -0.652912 -0.754621 
0.000000 0.000000 
-0.372300 5.605309 -0.445050 
-0.048699 -0.997587 -0.049488 
0.000000 0.000000 
-0.400300 5.566790 -0.080200 
0.006091 -0.999981 -0.000001 
0.000000 0.000000 
-0.372300 5.605309 0.284660 
-0.048699 -0.997587 0.049487 
0.000000 0.000000 
-0.483640 5.814780 0.393770 
0.053472 0.449858 0.891498 
0.000000 0.000000 
-3.315370 5.814780 0.638510 
0.065219 0.652930 0.754605 
0.000000 0.000000 
0.483640 5.814780 -0.554160 
0.887543 -0.457375 0.055460 
0.000000 0.000000 
0.733370 5.814780 -3.329260 
0.747956 -0.660327 0.067308 
0.000000 0.000000 
0.372300 5.605309 -0.445050 
0.048699 -0.997587 -0.049488 
0.000000 0.000000 
0.000000 5.566790 -0.472490 
-0.000000 -0.999981 0.006236 
0.000000 0.000000 
-0.483640 5.814780 -0.554160 
-0.887543 -0.457375 0.055460 
0.000000 0.000000 
-0.483640 5.814780 -0.554160 
-0.887534 0.457393 0.055459 
0.000000 0.000000 
-0.733370 5.814780 -3.329260 
-0.747939 0.660346 0.067307 
0.000000 0.000000 
0.483640 5.814780 0.393770 
0.887534 0.457393 -0.055459 
0.000000 0.000000 
0.733370 5.814780 3.168870 
0.747939 0.660346 -0.067307 
0.000000 0.000000 
-0.483640 5.814780 0.393770 
-0.887534 0.457393 -0.055459 
0.000000 0.000000 
-0.483640 5.814780 0.393770 
-0.887543 -0.457376 -0.055460 
0.000000 0.000000 
-0.733370 5.814780 3.168870 
-0.747956 -0.660327 -0.067308 
0.000000 0.000000 
0.000000 5.566790 0.312100 
0.000000 -0.999981 -0.006236 
0.000000 0.000000 
0.372300 5.605309 0.284660 
0.048699 -0.997587 0.049487 
0.000000 0.000000 
0.400300 5.566790 -0.080200 
-0.006091 -0.999981 -0.000001 
0.000000 0.000000 
0.483640 5.814780 -0.554160 
-0.053473 -0.449841 -0.891506 
0.000000 0.000000 
0.483640 5.814780 -0.554160 
-0.053472 0.449858 -0.891498 
0.000000 0.000000 
3.315370 5.814780 -0.798900 
-0.065219 0.652930 -0.754605 
0.000000 0.000000 
0.483640 5.814780 0.393770 
-0.053472 0.449858 0.891498 
0.000000 0.000000 
0.483640 5.814780 0.393770 
-0.053473 -0.449841 0.891506 
0.000000 0.000000 
3.315370 5.814780 0.638510 
-0.065220 -0.652912 0.754621 
0.000000 0.000000 
-9.999849 5.814780 -0.080200 
-0.320387 0.947287 -0.000001 
0.000000 0.000000 
0.000000 5.814780 -9.880049 
0.000000 0.945288 -0.326236 
0.000000 0.000000 
0.000000 5.814780 9.719659 
0.000000 -0.945288 0.326237 
0.000000 0.000000 
9.999849 5.814780 -0.080200 
0.320387 0.947287 -0.000001 
0.000000 0.000000 
-0.680410 3.473250 7.469019 
0.999048 -0.000000 0.043614 
0.000000 0.000000 
-0.715900 3.590760 7.530910 
0.704792 0.695881 0.137900 
0.000000 0.000000 
-0.715900 3.355740 7.530910 
0.704767 -0.695905 0.137912 
0.000000 0.000000 
-0.680410 3.473250 7.823160 
0.999048 -0.000000 -0.043615 
0.000000 0.000000 
-0.715900 3.590760 7.761270 
0.962669 0.266857 -0.045349 
0.000000 0.000000 
-0.715900 3.355740 7.761270 
0.962668 -0.266858 -0.045349 
0.000000 0.000000 
-0.988500 0.968230 -0.101870 
-0.877116 0.480267 -0.003468 
0.000000 0.000000 
-1.362030 0.263850 -0.140830 
-0.951312 0.307793 -0.016416 
0.000000 0.000000 
-1.362030 0.288540 0.243110 
-0.956607 0.291377 0.001434 
0.000000 0.000000 
-0.985470 0.968750 0.225630 
-0.874782 0.484462 0.007324 
0.000000 0.000000 
-1.020010 0.288540 0.243110 
0.064983 0.022338 0.997636 
0.000000 0.000000 
-0.701760 0.626060 0.169260 
0.090885 -0.087929 0.991972 
0.000000 0.000000 
-1.020010 0.263850 -0.140830 
0.998859 -0.047751 0.000005 
0.000000 0.000000 
-0.701760 0.634600 -0.076340 
0.288527 -0.957252 -0.020503 
0.000000 0.000000 
-1.343710 0.277990 1.585140 
0.000000 0.648318 0.761370 
0.000000 0.000000 
-1.038340 0.277990 1.585140 
0.000000 0.648318 0.761370 
0.000000 0.000000 
-1.077920 0.383590 1.495220 
0.000000 0.909443 0.415829 
0.000000 0.000000 
-1.304120 0.383590 1.495220 
0.000000 0.909439 0.415837 
0.000000 0.000000 
-1.304120 0.151720 1.502750 
0.000000 -0.830119 0.557586 
0.000000 0.000000 
-1.077920 0.151720 1.502750 
0.000000 -0.830123 0.557580 
0.000000 0.000000 
-1.343710 0.000000 0.347510 
0.000000 -0.997916 0.064533 
0.000000 0.000000 
-1.038340 0.000000 0.347510 
0.000000 -0.997916 0.064533 
0.000000 0.000000 
-0.701760 0.632220 -2.112930 
-0.228820 -0.973465 0.002513 
0.000000 0.000000 
-1.020010 0.241940 -2.012090 
0.114356 -0.056890 0.991809 
0.000000 0.000000 
-1.362030 0.241940 -2.012090 
0.000000 -0.055011 0.998486 
0.000000 0.000000 
-1.020010 0.238750 -2.393680 
0.999825 -0.018688 0.000490 
0.000000 0.000000 
-0.701760 0.632220 -2.334110 
0.446195 -0.894936 0.000000 
0.000000 0.000000 
-1.009550 0.964590 -2.378060 
0.061354 -0.041807 -0.997240 
0.000000 0.000000 
-1.362030 0.238750 -2.393680 
0.000000 0.021515 -0.999768 
0.000000 0.000000 
-0.987440 0.115310 0.308670 
0.993046 -0.114437 0.027649 
0.000000 0.000000 
-1.038340 0.000000 -0.187090 
0.924871 -0.380272 -0.002478 
0.000000 0.000000 
-0.987440 0.124620 -0.178850 
0.996920 -0.078291 -0.004615 
0.000000 0.000000 
-1.343710 0.000000 -0.187090 
-0.924897 -0.380209 -0.002478 
0.000000 0.000000 
-1.394600 0.115310 0.308670 
-0.993050 -0.114401 0.027648 
0.000000 0.000000 
-1.394600 0.124620 -0.178850 
-0.996922 -0.078258 -0.004614 
0.000000 0.000000 
-0.987440 0.120630 -1.975370 
0.997661 -0.068347 -0.000512 
0.000000 0.000000 
-1.038340 0.000000 -1.949480 
0.921339 -0.388760 0.000000 
0.000000 0.000000 
-1.394600 0.120630 -1.975370 
-0.997664 -0.068312 -0.000512 
0.000000 0.000000 
-1.343710 0.000000 -1.949480 
-0.921366 -0.388696 0.000000 
0.000000 0.000000 
-1.038340 0.000000 -2.477140 
0.919092 -0.393671 -0.017131 
0.000000 0.000000 
-0.987440 0.116640 -2.436750 
0.996817 -0.079532 -0.005486 
0.000000 0.000000 
-1.394600 0.116640 -2.436750 
-0.996820 -0.079498 -0.005482 
0.000000 0.000000 
-1.343710 0.000000 -2.477140 
-0.919119 -0.393606 -0.017128 
0.000000 0.000000 
-0.987440 0.193550 -3.401310 
0.990055 -0.129886 0.054040 
0.000000 0.000000 
-1.038340 0.309190 -3.316250 
0.945392 0.275499 0.174166 
0.000000 0.000000 
-1.038340 0.077900 -3.486370 
0.931185 -0.357549 -0.071087 
0.000000 0.000000 
-1.343710 0.309190 -3.316250 
0.000000 0.932222 0.361886 
0.000000 0.000000 
-1.394600 0.193550 -3.401310 
-0.990626 0.002089 -0.136588 
0.000000 0.000000 
-1.343710 0.077900 -3.486370 
-0.935756 -0.196284 -0.292975 
0.000000 0.000000 
-0.905230 0.593530 -3.952810 
0.966761 -0.252668 -0.039138 
0.000000 0.000000 
-0.865640 0.748020 -3.930910 
0.985390 -0.096213 0.140536 
0.000000 0.000000 
-0.905230 0.758060 -3.803210 
0.955341 0.035022 0.293424 
0.000000 0.000000 
-1.131430 0.758060 -3.803210 
0.000000 0.944624 0.328156 
0.000000 0.000000 
-1.171010 0.748020 -3.930910 
-0.952013 0.236539 -0.194218 
0.000000 0.000000 
-1.131430 0.593530 -3.952810 
-0.852248 -0.135831 -0.505196 
0.000000 0.000000 
0.701760 0.626060 0.169260 
-0.090885 -0.087929 0.991972 
0.000000 0.000000 
0.701760 0.634600 -0.076340 
-0.288527 -0.957252 -0.020503 
0.000000 0.000000 
1.009550 0.964590 -2.378060 
-0.061354 -0.041807 -0.997240 
0.000000 0.000000 
0.701760 0.632220 -2.334110 
-0.068770 -0.067929 -0.995317 
0.000000 0.000000 
0.701760 0.632220 -2.112930 
0.228820 -0.973465 0.002513 
0.000000 0.000000 
1.362030 0.288540 0.243110 
0.956607 0.291377 0.001434 
0.000000 0.000000 
1.362030 0.263850 -0.140830 
0.951312 0.307793 -0.016416 
0.000000 0.000000 
0.988500 0.968230 -0.101870 
0.877116 0.480267 -0.003468 
0.000000 0.000000 
1.020010 0.288540 0.243110 
-0.064983 0.022338 0.997636 
0.000000 0.000000 
1.020010 0.263850 -0.140830 
-0.998859 -0.047751 0.000005 
0.000000 0.000000 
1.077920 0.383590 1.495220 
0.000000 0.909443 0.415829 
0.000000 0.000000 
1.038340 0.277990 1.585140 
0.000000 0.648318 0.761370 
0.000000 0.000000 
1.343710 0.277990 1.585140 
0.000000 0.648318 0.761370 
0.000000 0.000000 
1.304120 0.383590 1.495220 
0.000000 0.909439 0.415837 
0.000000 0.000000 
1.077920 0.151720 1.502750 
0.000000 -0.830123 0.557580 
0.000000 0.000000 
1.304120 0.151720 1.502750 
0.000000 -0.830119 0.557586 
0.000000 0.000000 
1.038340 0.000000 0.347510 
0.000000 -0.997916 0.064533 
0.000000 0.000000 
1.343710 0.000000 0.347510 
0.000000 -0.997916 0.064533 
0.000000 0.000000 
1.020010 0.241940 -2.012090 
-0.114356 -0.056890 0.991809 
0.000000 0.000000 
1.362030 0.241940 -2.012090 
0.000000 -0.055011 0.998486 
0.000000 0.000000 
1.020010 0.238750 -2.393680 
-0.999825 -0.018688 0.000490 
0.000000 0.000000 
1.362030 0.238750 -2.393680 
0.000000 0.021515 -0.999768 
0.000000 0.000000 
1.038340 0.000000 -0.187090 
-0.924871 -0.380272 -0.002478 
0.000000 0.000000 
0.987440 0.115310 0.308670 
-0.993046 -0.114437 0.027649 
0.000000 0.000000 
0.987440 0.124620 -0.178850 
-0.996920 -0.078291 -0.004615 
0.000000 0.000000 
1.394600 0.115310 0.308670 
0.993050 -0.114401 0.027648 
0.000000 0.000000 
1.343710 0.000000 -0.187090 
0.924897 -0.380209 -0.002478 
0.000000 0.000000 
1.394600 0.124620 -0.178850 
0.996922 -0.078258 -0.004614 
0.000000 0.000000 
0.987440 0.120630 -1.975370 
-0.997661 -0.068347 -0.000512 
0.000000 0.000000 
1.038340 0.000000 -1.949480 
-0.921339 -0.388760 0.000000 
0.000000 0.000000 
1.394600 0.120630 -1.975370 
0.997664 -0.068312 -0.000512 
0.000000 0.000000 
1.343710 0.000000 -1.949480 
0.921366 -0.388696 0.000000 
0.000000 0.000000 
1.038340 0.000000 -2.477140 
-0.919092 -0.393671 -0.017131 
0.000000 0.000000 
0.987440 0.116640 -2.436750 
-0.996817 -0.079532 -0.005486 
0.000000 0.000000 
1.394600 0.116640 -2.436750 
0.996820 -0.079498 -0.005482 
0.000000 0.000000 
1.343710 0.000000 -2.477140 
0.919119 -0.393606 -0.017128 
0.000000 0.000000 
1.038340 0.309190 -3.316250 
-0.945392 0.275499 0.174166 
0.000000 0.000000 
0.987440 0.193550 -3.401310 
-0.990055 -0.129886 0.054040 
0.000000 0.000000 
1.038340 0.077900 -3.486370 
-0.931185 -0.357549 -0.071087 
0.000000 0.000000 
1.343710 0.309190 -3.316250 
0.000000 0.932222 0.361886 
0.000000 0.000000 
1.394600 0.193550 -3.401310 
0.990626 0.002089 -0.136588 
0.000000 0.000000 
1.343710 0.077900 -3.486370 
0.935756 -0.196284 -0.292975 
0.000000 0.000000 
0.905230 0.593530 -3.952810 
-0.966761 -0.252668 -0.039138 
0.000000 0.000000 
0.865640 0.748020 -3.930910 
-0.985390 -0.096213 0.140536 
0.000000 0.000000 
0.905230 0.758060 -3.803210 
-0.955341 0.035023 0.293424 
0.000000 0.000000 
1.131430 0.758060 -3.803210 
0.000000 0.944624 0.328156 
0.000000 0.000000 
1.171010 0.748020 -3.930910 
0.952013 0.236539 -0.194218 
0.000000 0.000000 
1.131430 0.593530 -3.952810 
0.852248 -0.135831 -0.505196 
0.000000 0.000000 
0.000000 5.566790 0.312100 
-0.000001 -0.137499 0.990502 
0.000000 0.000000 
0.000000 4.182030 0.119870 
-0.000001 -0.137498 0.990502 
0.000000 0.000000 
0.189870 4.201680 0.105880 
0.086885 -0.136979 0.986756 
0.000000 0.000000 
0.204150 4.182030 -0.080200 
0.990116 -0.140249 -0.000002 
0.000000 0.000000 
0.400300 5.566790 -0.080200 
0.990116 -0.140249 -0.000002 
0.000000 0.000000 
-0.400300 5.566790 -0.080200 
-0.990116 -0.140249 -0.000001 
0.000000 0.000000 
-0.204150 4.182030 -0.080200 
-0.990116 -0.140250 -0.000002 
0.000000 0.000000 
-0.189870 4.201680 0.105880 
-0.986060 -0.139675 0.090421 
0.000000 0.000000 
0.000000 5.566790 -0.472490 
0.000001 -0.137499 -0.990502 
0.000000 0.000000 
0.000000 4.182030 -0.280260 
0.000001 -0.137498 -0.990502 
0.000000 0.000000 
-0.189870 4.201680 -0.266270 
-0.086885 -0.136979 -0.986756 
0.000000 0.000000 
0.189870 4.201680 -0.266270 
0.986060 -0.139675 -0.090425 
0.000000 0.000000 
0.000000 6.317790 -0.280260 
-0.000003 0.883883 -0.467708 
0.000000 0.000000 
0.189870 6.298140 -0.266270 
0.405553 0.815926 -0.412059 
0.000000 0.000000 
0.204150 6.317790 -0.080200 
0.464261 0.885698 -0.000003 
0.000000 0.000000 
-0.204150 6.317790 -0.080200 
-0.464261 0.885698 -0.000003 
0.000000 0.000000 
-0.189870 6.298140 -0.266270 
-0.405551 0.815924 -0.412064 
0.000000 0.000000 
0.000000 6.317790 0.119870 
0.000003 0.883883 0.467708 
0.000000 0.000000 
-0.189870 6.298140 0.105880 
-0.405555 0.815926 0.412055 
0.000000 0.000000 
0.189870 6.298140 0.105880 
0.405552 0.815925 0.412061 
0.000000 0.000000 
0.000000 6.312880 -0.080200 
0.000000 1.000000 0.000001 
0.000000 0.000000 
0.000000 4.186940 -0.080200 
0.000000 -1.000000 0.000001 
0.000000 0.000000 
-0.680410 3.473250 7.469019 
0.145265 0.497579 -0.855169 
0.000000 0.000000 
-0.715900 3.590760 7.530910 
0.212740 0.940070 -0.266477 
0.000000 0.000000 
-0.273530 3.544840 7.579790 
0.140698 0.845567 -0.514995 
0.000000 0.000000 
-0.248190 3.473250 7.540200 
0.139144 0.516493 -0.844911 
0.000000 0.000000 
-1.042960 3.545770 7.581729 
-0.697400 0.692503 -0.184589 
0.000000 0.000000 
-1.085570 3.473250 7.539629 
-0.714635 0.614210 -0.334727 
0.000000 0.000000 
-0.759660 3.675790 5.676239 
0.860011 0.476877 -0.181576 
0.000000 0.000000 
-0.738910 3.473250 5.560689 
0.935986 -0.000004 -0.352035 
0.000000 0.000000 
-0.935190 3.473250 5.560689 
-0.902728 -0.000004 -0.430211 
0.000000 0.000000 
-0.929180 3.675790 5.676239 
-0.838048 0.488881 -0.242220 
0.000000 0.000000 
-0.837050 3.723990 5.560689 
-0.762514 0.488696 -0.423967 
0.000000 0.000000 
-0.827570 3.473250 5.412129 
0.858705 -0.000004 -0.512471 
0.000000 0.000000 
-0.273530 3.401670 7.579790 
0.140706 -0.845578 -0.514975 
0.000000 0.000000 
-0.715900 3.355740 7.530910 
0.212718 -0.940077 -0.266471 
0.000000 0.000000 
-1.042960 3.400740 7.581729 
-0.697411 -0.692495 -0.184575 
0.000000 0.000000 
-0.248190 3.473250 7.751979 
1.000000 -0.000014 0.000000 
0.000000 0.000000 
-0.273530 3.401670 7.712389 
0.942674 -0.333716 0.000000 
0.000000 0.000000 
-0.759660 3.270710 5.676239 
0.859990 -0.476912 -0.181580 
0.000000 0.000000 
-0.929180 3.270710 5.676239 
-0.838031 -0.488908 -0.242227 
0.000000 0.000000 
-0.837050 3.222520 5.560689 
-0.762496 -0.488709 -0.423985 
0.000000 0.000000 
-0.273530 3.544840 7.712389 
0.140698 0.845567 0.514995 
0.000000 0.000000 
-0.680410 3.473250 7.823160 
0.145265 0.497579 0.855169 
0.000000 0.000000 
-1.042960 3.545770 7.710450 
-0.697400 0.692503 0.184589 
0.000000 0.000000 
-1.085570 3.473250 7.752550 
-0.714635 0.614210 0.334727 
0.000000 0.000000 
-0.759660 3.675790 9.615939 
0.860011 0.476877 0.181575 
0.000000 0.000000 
-0.738910 3.473250 9.731489 
0.935986 -0.000004 0.352036 
0.000000 0.000000 
-0.935190 3.473250 9.731489 
-0.902728 -0.000004 0.430211 
0.000000 0.000000 
-0.929180 3.675790 9.615939 
-0.838049 0.488881 0.242219 
0.000000 0.000000 
-0.837050 3.723990 9.731489 
-0.762514 0.488697 0.423967 
0.000000 0.000000 
-0.827570 3.473250 9.880049 
0.858704 -0.000004 0.512472 
0.000000 0.000000 
-1.042960 3.400740 7.710450 
-0.697411 -0.692495 0.184575 
0.000000 0.000000 
-0.759660 3.270710 9.615939 
0.859990 -0.476912 0.181580 
0.000000 0.000000 
-0.929180 3.270710 9.615939 
-0.838031 -0.488908 0.242226 
0.000000 0.000000 
-0.837050 3.222520 9.731489 
-0.762496 -0.488709 0.423985 
0.000000 0.000000 
-0.985470 0.968750 0.225630 
0.076983 -0.058366 0.995323 
0.000000 0.000000 
-1.362030 0.288540 0.243110 
0.000000 0.025689 0.999670 
0.000000 0.000000 
-0.701760 0.626060 0.169260 
0.433428 -0.901062 -0.015100 
0.000000 0.000000 
-1.020010 0.288540 0.243110 
0.995610 -0.090223 0.024893 
0.000000 0.000000 
-1.038340 0.277990 1.585140 
0.000000 -0.546454 0.837489 
0.000000 0.000000 
-1.343710 0.277990 1.585140 
0.000000 -0.546454 0.837489 
0.000000 0.000000 
-0.701760 0.634600 -0.076340 
-0.758418 -0.651768 0.000762 
0.000000 0.000000 
-0.988500 0.968230 -0.101870 
0.091434 0.050917 -0.994509 
0.000000 0.000000 
-0.701760 0.634600 -0.076340 
0.144109 0.048222 -0.988386 
0.000000 0.000000 
-1.020010 0.263850 -0.140830 
0.042153 0.053298 -0.997689 
0.000000 0.000000 
-1.362030 0.263850 -0.140830 
0.000000 0.055227 -0.998474 
0.000000 0.000000 
-0.701760 0.632220 -2.112930 
0.365878 -0.058362 0.928831 
0.000000 0.000000 
-1.005800 0.965240 -1.972240 
0.238768 -0.058096 0.969337 
0.000000 0.000000 
-0.701760 0.632220 -2.112930 
0.776774 -0.629776 0.002101 
0.000000 0.000000 
-1.020010 0.241940 -2.012090 
0.999896 -0.014385 0.000550 
0.000000 0.000000 
-0.701760 0.632220 -2.334110 
0.068770 -0.067929 -0.995317 
0.000000 0.000000 
-1.020010 0.238750 -2.393680 
0.048089 0.020797 -0.998627 
0.000000 0.000000 
-1.038340 0.000000 0.347510 
0.919603 -0.389987 0.047332 
0.000000 0.000000 
-1.077920 0.383590 1.495220 
0.941895 0.335881 -0.004119 
0.000000 0.000000 
-1.038340 0.277990 1.585140 
0.999046 0.023444 0.036850 
0.000000 0.000000 
-1.077920 0.151720 1.502750 
0.934069 -0.347696 0.081380 
0.000000 0.000000 
-1.020010 0.288540 0.243110 
0.000000 0.997131 -0.075694 
0.000000 0.000000 
-1.362030 0.288540 0.243110 
0.000000 0.997131 -0.075694 
0.000000 0.000000 
-1.343710 0.000000 0.347510 
-0.919631 -0.389920 0.047333 
0.000000 0.000000 
-1.304120 0.383590 1.495220 
-0.941873 0.335942 -0.004135 
0.000000 0.000000 
-1.343710 0.277990 1.585140 
-0.999046 0.023448 0.036841 
0.000000 0.000000 
-1.304120 0.151720 1.502750 
-0.934047 -0.347756 0.081380 
0.000000 0.000000 
-1.020010 0.263850 -0.140830 
0.000000 0.999931 -0.011708 
0.000000 0.000000 
-1.020010 0.241940 -2.012090 
0.000000 0.999931 -0.011708 
0.000000 0.000000 
-1.362030 0.241940 -2.012090 
0.000000 0.999931 -0.011708 
0.000000 0.000000 
-1.362030 0.263850 -0.140830 
0.000000 0.999931 -0.011708 
0.000000 0.000000 
-1.362030 0.241940 -2.012090 
-0.947124 0.320867 -0.001180 
0.000000 0.000000 
-1.009550 0.964590 -2.378060 
-0.897888 0.440203 0.004440 
0.000000 0.000000 
-1.362030 0.238750 -2.393680 
-0.948360 0.317191 -0.001921 
0.000000 0.000000 
-1.005800 0.965240 -1.972240 
-0.897240 0.441479 0.007584 
0.000000 0.000000 
-1.038340 0.000000 -2.477140 
0.000000 -0.999258 -0.038508 
0.000000 0.000000 
-1.343710 0.000000 -2.477140 
0.000000 -0.999258 -0.038508 
0.000000 0.000000 
-1.362030 0.238750 -2.393680 
0.000000 0.997098 0.076130 
0.000000 0.000000 
-1.020010 0.238750 -2.393680 
0.000000 0.997098 0.076130 
0.000000 0.000000 
-1.038340 0.309190 -3.316250 
0.000000 0.909418 0.415884 
0.000000 0.000000 
-1.343710 0.309190 -3.316250 
-0.920156 0.390287 0.031449 
0.000000 0.000000 
-1.038340 0.077900 -3.486370 
0.000000 -0.887518 -0.460773 
0.000000 0.000000 
-1.343710 0.077900 -3.486370 
0.000000 -0.915212 -0.402973 
0.000000 0.000000 
-0.905230 0.758060 -3.803210 
0.000000 0.964782 0.263051 
0.000000 0.000000 
-1.131430 0.758060 -3.803210 
-0.785906 0.585951 0.197519 
0.000000 0.000000 
-1.131430 0.593530 -3.952810 
0.000000 -0.298722 -0.954340 
0.000000 0.000000 
-0.905230 0.593530 -3.952810 
0.000000 -0.231197 -0.972907 
0.000000 0.000000 
-0.865640 0.748020 -3.930910 
0.000000 0.996924 -0.078380 
0.000000 0.000000 
-1.171010 0.748020 -3.930910 
0.000000 0.996924 -0.078380 
0.000000 0.000000 
-1.171010 0.748020 -3.930910 
0.000000 0.140353 -0.990102 
0.000000 0.000000 
-0.865640 0.748020 -3.930910 
0.000000 0.140353 -0.990102 
0.000000 0.000000 
0.701760 0.626060 0.169260 
-0.433427 -0.901062 -0.015100 
0.000000 0.000000 
0.701760 0.632220 -2.334110 
-0.446195 -0.894936 0.000000 
0.000000 0.000000 
0.985470 0.968750 0.225630 
0.874782 0.484462 0.007324 
0.000000 0.000000 
1.362030 0.288540 0.243110 
0.000000 0.025689 0.999670 
0.000000 0.000000 
1.020010 0.288540 0.243110 
-0.995610 -0.090223 0.024893 
0.000000 0.000000 
1.038340 0.277990 1.585140 
0.000000 -0.546454 0.837489 
0.000000 0.000000 
1.343710 0.277990 1.585140 
0.000000 -0.546454 0.837489 
0.000000 0.000000 
0.701760 0.634600 -0.076340 
0.758418 -0.651768 0.000762 
0.000000 0.000000 
1.020010 0.263850 -0.140830 
-0.042153 0.053298 -0.997689 
0.000000 0.000000 
0.701760 0.634600 -0.076340 
-0.144109 0.048222 -0.988386 
0.000000 0.000000 
0.988500 0.968230 -0.101870 
-0.091434 0.050917 -0.994509 
0.000000 0.000000 
1.362030 0.263850 -0.140830 
0.000000 0.055227 -0.998474 
0.000000 0.000000 
1.005800 0.965240 -1.972240 
-0.238768 -0.058096 0.969337 
0.000000 0.000000 
0.701760 0.632220 -2.112930 
-0.365878 -0.058362 0.928831 
0.000000 0.000000 
1.020010 0.241940 -2.012090 
-0.999896 -0.014385 0.000550 
0.000000 0.000000 
0.701760 0.632220 -2.112930 
-0.776774 -0.629776 0.002101 
0.000000 0.000000 
1.020010 0.238750 -2.393680 
-0.048089 0.020797 -0.998627 
0.000000 0.000000 
1.038340 0.000000 0.347510 
-0.919603 -0.389987 0.047332 
0.000000 0.000000 
1.077920 0.383590 1.495220 
-0.941895 0.335881 -0.004119 
0.000000 0.000000 
1.038340 0.277990 1.585140 
-0.999046 0.023444 0.036850 
0.000000 0.000000 
1.077920 0.151720 1.502750 
-0.934069 -0.347696 0.081380 
0.000000 0.000000 
1.362030 0.288540 0.243110 
0.000000 0.997131 -0.075694 
0.000000 0.000000 
1.020010 0.288540 0.243110 
0.000000 0.997131 -0.075694 
0.000000 0.000000 
1.343710 0.000000 0.347510 
0.919631 -0.389920 0.047333 
0.000000 0.000000 
1.304120 0.383590 1.495220 
0.941873 0.335942 -0.004135 
0.000000 0.000000 
1.343710 0.277990 1.585140 
0.999046 0.023448 0.036841 
0.000000 0.000000 
1.304120 0.151720 1.502750 
0.934047 -0.347756 0.081380 
0.000000 0.000000 
1.362030 0.241940 -2.012090 
0.000000 0.999931 -0.011708 
0.000000 0.000000 
1.020010 0.241940 -2.012090 
0.000000 0.999931 -0.011708 
0.000000 0.000000 
1.020010 0.263850 -0.140830 
0.000000 0.999931 -0.011708 
0.000000 0.000000 
1.362030 0.263850 -0.140830 
0.000000 0.999931 -0.011708 
0.000000 0.000000 
1.362030 0.241940 -2.012090 
0.947124 0.320867 -0.001180 
0.000000 0.000000 
1.362030 0.238750 -2.393680 
0.948360 0.317191 -0.001921 
0.000000 0.000000 
1.009550 0.964590 -2.378060 
0.897888 0.440202 0.004440 
0.000000 0.000000 
1.005800 0.965240 -1.972240 
0.897240 0.441479 0.007584 
0.000000 0.000000 
1.038340 0.000000 -2.477140 
0.000000 -0.999258 -0.038508 
0.000000 0.000000 
1.343710 0.000000 -2.477140 
0.000000 -0.999258 -0.038508 
0.000000 0.000000 
1.038340 0.309190 -3.316250 
0.000000 0.909418 0.415884 
0.000000 0.000000 
1.020010 0.238750 -2.393680 
0.000000 0.997098 0.076130 
0.000000 0.000000 
1.362030 0.238750 -2.393680 
0.000000 0.997098 0.076130 
0.000000 0.000000 
1.343710 0.309190 -3.316250 
0.920156 0.390287 0.031449 
0.000000 0.000000 
1.038340 0.077900 -3.486370 
0.000000 -0.887518 -0.460773 
0.000000 0.000000 
1.343710 0.077900 -3.486370 
0.000000 -0.915212 -0.402973 
0.000000 0.000000 
0.905230 0.758060 -3.803210 
0.000000 0.964782 0.263051 
0.000000 0.000000 
1.131430 0.758060 -3.803210 
0.785906 0.585951 0.197519 
0.000000 0.000000 
1.131430 0.593530 -3.952810 
0.000000 -0.298722 -0.954340 
0.000000 0.000000 
0.905230 0.593530 -3.952810 
0.000000 -0.231197 -0.972907 
0.000000 0.000000 
1.171010 0.748020 -3.930910 
0.000000 0.996924 -0.078380 
0.000000 0.000000 
0.865640 0.748020 -3.930910 
0.000000 0.996924 -0.078380 
0.000000 0.000000 
0.865640 0.748020 -3.930910 
0.000000 0.140353 -0.990102 
0.000000 0.000000 
1.171010 0.748020 -3.930910 
0.000000 0.140353 -0.990102 
0.000000 0.000000 
0.189870 4.201680 0.105880 
0.986060 -0.139675 0.090421 
0.000000 0.000000 
-0.189870 4.201680 0.105880 
-0.086882 -0.136975 0.986757 
0.000000 0.000000 
-0.189870 4.201680 -0.266270 
-0.986060 -0.139676 -0.090426 
0.000000 0.000000 
0.189870 4.201680 -0.266270 
0.086882 -0.136975 -0.986757 
0.000000 0.000000 
0.204150 4.182030 -0.080200 
0.041200 -0.999151 -0.000002 
0.000000 0.000000 
0.189870 4.201680 0.105880 
0.110502 -0.987459 0.112755 
0.000000 0.000000 
0.000000 4.182030 0.119870 
0.000000 -0.999187 0.040324 
0.000000 0.000000 
-0.189870 4.201680 0.105880 
-0.110502 -0.987459 0.112755 
0.000000 0.000000 
-0.204150 4.182030 -0.080200 
-0.041200 -0.999151 -0.000002 
0.000000 0.000000 
-0.189870 4.201680 -0.266270 
-0.110502 -0.987458 -0.112761 
0.000000 0.000000 
0.000000 4.182030 -0.280260 
0.000000 -0.999187 -0.040324 
0.000000 0.000000 
0.189870 4.201680 -0.266270 
0.110502 -0.987458 -0.112761 
0.000000 0.000000 
-0.837050 3.723990 5.560689 
0.790811 0.500278 -0.352618 
0.000000 0.000000 
-0.827570 3.473250 5.412129 
-0.809833 -0.000004 -0.586660 
0.000000 0.000000 
-0.680410 3.473250 7.469019 
0.145274 -0.497587 -0.855162 
0.000000 0.000000 
-0.248190 3.473250 7.540200 
0.139139 -0.516547 -0.844878 
0.000000 0.000000 
-1.015900 3.473250 7.469019 
-0.604662 -0.595868 -0.528512 
0.000000 0.000000 
-1.085570 3.473250 7.539629 
-0.714596 -0.614264 -0.334712 
0.000000 0.000000 
-0.273530 3.401670 7.579790 
0.942674 -0.333716 0.000000 
0.000000 0.000000 
-0.248190 3.473250 7.540200 
1.000000 -0.000014 0.000000 
0.000000 0.000000 
-0.837050 3.222520 5.560689 
0.790796 -0.500292 -0.352634 
0.000000 0.000000 
-0.248190 3.473250 7.751979 
0.139144 0.516493 0.844911 
0.000000 0.000000 
-0.273530 3.544840 7.712389 
0.942689 0.333673 0.000000 
0.000000 0.000000 
-0.273530 3.544840 7.579790 
0.942689 0.333673 0.000000 
0.000000 0.000000 
-0.837050 3.723990 9.731489 
0.790811 0.500278 0.352618 
0.000000 0.000000 
-0.827570 3.473250 9.880049 
-0.809832 -0.000004 0.586661 
0.000000 0.000000 
-1.015900 3.473250 7.823160 
-0.604662 -0.595868 0.528512 
0.000000 0.000000 
-1.085570 3.473250 7.752550 
-0.714596 -0.614264 0.334712 
0.000000 0.000000 
-0.273530 3.401670 7.712389 
0.140706 -0.845578 0.514975 
0.000000 0.000000 
-0.680410 3.473250 7.823160 
0.145274 -0.497587 0.855162 
0.000000 0.000000 
-0.248190 3.473250 7.751979 
0.139139 -0.516547 0.844878 
0.000000 0.000000 
-0.837050 3.222520 9.731489 
0.790796 -0.500292 0.352634 
0.000000 0.000000 
-0.988500 0.968230 -0.101870 
-0.755544 -0.655096 0.001728 
0.000000 0.000000 
-1.005800 0.965240 -1.972240 
-0.736823 -0.676039 0.007896 
0.000000 0.000000 
-1.038340 0.000000 -0.187090 
0.000000 -1.000000 0.000000 
0.000000 0.000000 
-1.343710 0.000000 -0.187090 
0.000000 -1.000000 0.000000 
0.000000 0.000000 
-1.038340 0.000000 -1.949480 
0.000000 -1.000000 0.000000 
0.000000 0.000000 
-1.343710 0.000000 -1.949480 
0.000000 -1.000000 0.000000 
0.000000 0.000000 
0.985470 0.968750 0.225630 
-0.076983 -0.058366 0.995323 
0.000000 0.000000 
0.988500 0.968230 -0.101870 
0.755544 -0.655096 0.001728 
0.000000 0.000000 
1.005800 0.965240 -1.972240 
0.736823 -0.676039 0.007896 
0.000000 0.000000 
1.038340 0.000000 -0.187090 
0.000000 -1.000000 0.000000 
0.000000 0.000000 
1.343710 0.000000 -0.187090 
0.000000 -1.000000 0.000000 
0.000000 0.000000 
1.343710 0.000000 -1.949480 
0.000000 -1.000000 0.000000 
0.000000 0.000000 
1.038340 0.000000 -1.949480 
0.000000 -1.000000 0.000000 
0.000000 0.000000 
0.372300 5.605309 0.284660 
0.086900 -0.136977 0.986755 
0.000000 0.000000 
0.372300 5.605309 0.284660 
0.986061 -0.139675 0.090418 
0.000000 0.000000 
-0.372300 5.605309 0.284660 
-0.986061 -0.139675 0.090418 
0.000000 0.000000 
-0.372300 5.605309 0.284660 
-0.086899 -0.136979 0.986755 
0.000000 0.000000 
-0.372300 5.605309 -0.445050 
-0.086900 -0.136977 -0.986755 
0.000000 0.000000 
-0.372300 5.605309 -0.445050 
-0.986060 -0.139675 -0.090421 
0.000000 0.000000 
0.372300 5.605309 -0.445050 
0.986060 -0.139675 -0.090421 
0.000000 0.000000 
0.372300 5.605309 -0.445050 
0.086899 -0.136979 -0.986755 
0.000000 0.000000 
0.000000 6.062769 -0.472490 
-0.000003 0.601929 -0.798549 
0.000000 0.000000 
0.372300 6.024240 -0.445050 
0.516525 0.681991 -0.517775 
0.000000 0.000000 
0.400300 6.062769 -0.080200 
0.792653 0.609673 -0.000002 
0.000000 0.000000 
-0.400300 6.062769 -0.080200 
-0.792653 0.609673 -0.000002 
0.000000 0.000000 
-0.372300 6.024240 -0.445050 
-0.516522 0.681993 -0.517774 
0.000000 0.000000 
0.000000 6.062769 0.312100 
0.000003 0.601929 0.798549 
0.000000 0.000000 
-0.372300 6.024240 0.284660 
-0.516526 0.681991 0.517773 
0.000000 0.000000 
0.372300 6.024240 0.284660 
0.516524 0.681993 0.517772 
0.000000 0.000000 
-7.771689 5.814780 -0.798900 
0.000000 -0.654305 -0.756231 
0.000000 0.000000 
-3.315370 5.814780 -0.798900 
0.000000 -0.654305 -0.756231 
0.000000 0.000000 
-3.315370 5.607110 -0.619220 
0.000000 -0.881094 -0.472942 
0.000000 0.000000 
-7.771689 5.607110 -0.619220 
0.000000 -0.881094 -0.472942 
0.000000 0.000000 
-7.771689 6.022439 -0.619220 
0.000000 0.881100 -0.472931 
0.000000 0.000000 
-3.315370 6.022439 -0.619220 
0.000000 0.881100 -0.472931 
0.000000 0.000000 
-3.315370 5.814780 -0.798900 
0.000000 0.654324 -0.756215 
0.000000 0.000000 
-7.771689 5.814780 -0.798900 
0.000000 0.654324 -0.756215 
0.000000 0.000000 
-7.771689 5.537889 -0.080200 
0.000000 -1.000000 -0.000001 
0.000000 0.000000 
-3.315370 5.537889 -0.080200 
0.000000 -1.000000 -0.000001 
0.000000 0.000000 
-3.315370 5.607110 0.458830 
0.000000 -0.881094 0.472941 
0.000000 0.000000 
-7.771689 5.607110 0.458830 
0.000000 -0.881094 0.472941 
0.000000 0.000000 
-7.771689 5.814780 0.638510 
0.000000 0.654324 0.756215 
0.000000 0.000000 
-3.315370 5.814780 0.638510 
0.000000 0.654324 0.756215 
0.000000 0.000000 
-3.315370 6.022439 0.458830 
0.000000 0.881100 0.472930 
0.000000 0.000000 
-7.771689 6.022439 0.458830 
0.000000 0.881100 0.472930 
0.000000 0.000000 
-3.315370 5.814780 0.638510 
0.000000 -0.654305 0.756231 
0.000000 0.000000 
-7.771689 5.814780 0.638510 
0.000000 -0.654305 0.756231 
0.000000 0.000000 
-7.771689 6.091660 -0.080200 
0.000000 1.000000 -0.000001 
0.000000 0.000000 
-3.315370 6.091660 -0.080200 
0.000000 1.000000 -0.000001 
0.000000 0.000000 
0.733370 5.814780 -7.696450 
0.749656 -0.661828 0.000000 
0.000000 0.000000 
0.733370 5.814780 -3.329260 
0.749656 -0.661828 0.000000 
0.000000 0.000000 
0.550030 5.607110 -3.329260 
0.467416 -0.884037 0.000000 
0.000000 0.000000 
0.550030 5.607110 -7.696450 
0.467416 -0.884037 0.000000 
0.000000 0.000000 
0.550030 6.022439 -7.696450 
0.467405 0.884043 0.000000 
0.000000 0.000000 
0.550030 6.022439 -3.329260 
0.467405 0.884043 0.000000 
0.000000 0.000000 
0.733370 5.814780 -3.329260 
0.749639 0.661847 0.000000 
0.000000 0.000000 
0.733370 5.814780 -7.696450 
0.749639 0.661847 0.000000 
0.000000 0.000000 
0.000000 5.537889 -7.696450 
0.000000 -1.000000 0.000000 
0.000000 0.000000 
0.000000 5.537889 -3.329260 
-0.000000 -1.000000 0.000000 
0.000000 0.000000 
-0.550030 5.607110 -3.329260 
-0.467416 -0.884037 0.000000 
0.000000 0.000000 
-0.550030 5.607110 -7.696450 
-0.467416 -0.884037 0.000000 
0.000000 0.000000 
-0.733370 5.814780 -7.696450 
-0.749639 0.661847 0.000000 
0.000000 0.000000 
-0.733370 5.814780 -3.329260 
-0.749639 0.661847 0.000000 
0.000000 0.000000 
-0.550030 6.022439 -3.329260 
-0.467405 0.884043 0.000000 
0.000000 0.000000 
-0.550030 6.022439 -7.696450 
-0.467405 0.884043 0.000000 
0.000000 0.000000 
-0.733370 5.814780 -3.329260 
-0.749656 -0.661828 0.000000 
0.000000 0.000000 
-0.733370 5.814780 -7.696450 
-0.749656 -0.661828 0.000000 
0.000000 0.000000 
0.000000 6.091660 -7.696450 
-0.000000 1.000000 0.000000 
0.000000 0.000000 
0.000000 6.091660 -3.329260 
0.000000 1.000000 0.000000 
0.000000 0.000000 
0.733370 5.814780 7.536059 
0.749639 0.661847 0.000000 
0.000000 0.000000 
0.733370 5.814780 3.168870 
0.749639 0.661847 0.000000 
0.000000 0.000000 
0.550030 6.022439 3.168870 
0.467405 0.884043 0.000000 
0.000000 0.000000 
0.550030 6.022439 7.536059 
0.467405 0.884043 0.000000 
0.000000 0.000000 
0.550030 5.607110 7.536059 
0.467416 -0.884037 0.000000 
0.000000 0.000000 
0.550030 5.607110 3.168870 
0.467416 -0.884037 0.000000 
0.000000 0.000000 
0.733370 5.814780 3.168870 
0.749656 -0.661828 0.000000 
0.000000 0.000000 
0.733370 5.814780 7.536059 
0.749656 -0.661828 0.000000 
0.000000 0.000000 
0.000000 6.091660 7.536059 
0.000000 1.000000 0.000000 
0.000000 0.000000 
0.000000 6.091660 3.168870 
0.000000 1.000000 0.000000 
0.000000 0.000000 
-0.550030 6.022439 3.168870 
-0.467405 0.884043 0.000000 
0.000000 0.000000 
-0.550030 6.022439 7.536059 
-0.467405 0.884043 0.000000 
0.000000 0.000000 
-0.733370 5.814780 7.536059 
-0.749656 -0.661828 0.000000 
0.000000 0.000000 
-0.733370 5.814780 3.168870 
-0.749656 -0.661828 0.000000 
0.000000 0.000000 
-0.550030 5.607110 3.168870 
-0.467416 -0.884037 0.000000 
0.000000 0.000000 
-0.550030 5.607110 7.536059 
-0.467416 -0.884037 0.000000 
0.000000 0.000000 
-0.733370 5.814780 3.168870 
-0.749639 0.661847 0.000000 
0.000000 0.000000 
-0.733370 5.814780 7.536059 
-0.749639 0.661847 0.000000 
0.000000 0.000000 
0.000000 5.537889 7.536059 
0.000000 -1.000000 0.000000 
0.000000 0.000000 
0.000000 5.537889 3.168870 
-0.000000 -1.000000 0.000000 
0.000000 0.000000 
7.771689 5.537889 -0.080200 
0.000000 -1.000000 -0.000001 
0.000000 0.000000 
3.315370 5.537889 -0.080200 
0.000000 -1.000000 -0.000001 
0.000000 0.000000 
3.315370 5.607110 -0.619220 
0.000000 -0.881094 -0.472942 
0.000000 0.000000 
7.771689 5.607110 -0.619220 
0.000000 -0.881094 -0.472942 
0.000000 0.000000 
7.771689 5.607110 0.458830 
0.000000 -0.881094 0.472941 
0.000000 0.000000 
3.315370 5.607110 0.458830 
0.000000 -0.881094 0.472941 
0.000000 0.000000 
7.771689 5.814780 -0.798900 
0.000000 0.654324 -0.756215 
0.000000 0.000000 
3.315370 5.814780 -0.798900 
0.000000 0.654324 -0.756215 
0.000000 0.000000 
3.315370 6.022439 -0.619220 
0.000000 0.881100 -0.472931 
0.000000 0.000000 
7.771689 6.022439 -0.619220 
0.000000 0.881100 -0.472931 
0.000000 0.000000 
3.315370 5.814780 -0.798900 
0.000000 -0.654305 -0.756231 
0.000000 0.000000 
7.771689 5.814780 -0.798900 
0.000000 -0.654305 -0.756231 
0.000000 0.000000 
7.771689 6.091660 -0.080200 
0.000000 1.000000 -0.000001 
0.000000 0.000000 
3.315370 6.091660 -0.080200 
0.000000 1.000000 -0.000001 
0.000000 0.000000 
3.315370 6.022439 0.458830 
0.000000 0.881100 0.472930 
0.000000 0.000000 
7.771689 6.022439 0.458830 
0.000000 0.881100 0.472930 
0.000000 0.000000 
7.771689 5.814780 0.638510 
0.000000 -0.654305 0.756231 
0.000000 0.000000 
3.315370 5.814780 0.638510 
0.000000 -0.654305 0.756231 
0.000000 0.000000 
3.315370 5.814780 0.638510 
0.000000 0.654324 0.756215 
0.000000 0.000000 
7.771689 5.814780 0.638510 
0.000000 0.654324 0.756215 
0.000000 0.000000 
-0.965590 3.590760 7.530910 
-0.469986 0.869013 -0.154692 
0.000000 0.000000 
-1.015900 3.473250 7.469019 
-0.604653 0.595845 -0.528548 
0.000000 0.000000 
-0.715060 3.749980 6.576129 
0.788559 0.609859 -0.079043 
0.000000 0.000000 
-0.658600 3.473250 6.576129 
0.997682 -0.000000 -0.068055 
0.000000 0.000000 
-1.110280 3.473250 6.576129 
-0.985458 -0.000000 -0.169920 
0.000000 0.000000 
-1.053820 3.749980 6.576129 
-0.787981 0.592847 -0.166187 
0.000000 0.000000 
-0.884440 3.834430 6.576129 
-0.017662 0.992856 -0.118007 
0.000000 0.000000 
-0.965590 3.355740 7.530910 
-0.469985 -0.869017 -0.154672 
0.000000 0.000000 
-0.715060 3.196520 6.576129 
0.788557 -0.609861 -0.079048 
0.000000 0.000000 
-1.053820 3.196520 6.576129 
-0.787981 -0.592847 -0.166187 
0.000000 0.000000 
-0.884440 3.112070 6.576129 
-0.017659 -0.992855 -0.118011 
0.000000 0.000000 
-0.715900 3.590760 7.761270 
0.212740 0.940070 0.266477 
0.000000 0.000000 
-0.965590 3.590760 7.761270 
-0.469986 0.869013 0.154692 
0.000000 0.000000 
-1.015900 3.473250 7.823160 
-0.604653 0.595845 0.528548 
0.000000 0.000000 
-0.837050 3.627450 7.796229 
0.006476 0.999979 0.000000 
0.000000 0.000000 
-0.837050 3.627450 7.495950 
0.006476 0.999979 0.000000 
0.000000 0.000000 
-0.658600 3.473250 8.716039 
0.997682 -0.000000 0.068054 
0.000000 0.000000 
-0.715060 3.749980 8.716039 
0.788559 0.609859 0.079042 
0.000000 0.000000 
-1.053820 3.749980 8.716039 
-0.787981 0.592847 0.166185 
0.000000 0.000000 
-1.110280 3.473250 8.716039 
-0.985458 -0.000000 0.169918 
0.000000 0.000000 
-0.884440 3.834430 8.716039 
-0.017662 0.992856 0.118005 
0.000000 0.000000 
-0.965590 3.355740 7.761270 
-0.469986 -0.869017 0.154672 
0.000000 0.000000 
-0.715900 3.355740 7.761270 
0.212718 -0.940077 0.266471 
0.000000 0.000000 
-0.837050 3.319060 7.495950 
0.006475 -0.999979 0.000000 
0.000000 0.000000 
-0.837050 3.319060 7.796229 
0.006475 -0.999979 0.000000 
0.000000 0.000000 
-0.715060 3.196520 8.716039 
0.788557 -0.609861 0.079047 
0.000000 0.000000 
-1.053820 3.196520 8.716039 
-0.787981 -0.592847 0.166185 
0.000000 0.000000 
-0.884440 3.112070 8.716039 
-0.017659 -0.992855 0.118010 
0.000000 0.000000 
0.838160 3.775610 -3.516660 
0.267778 0.749123 -0.605895 
0.000000 0.000000 
-0.838160 3.775610 -3.516660 
-0.267778 0.749123 -0.605895 
0.000000 0.000000 
-1.303820 3.594280 -3.272910 
-0.686858 0.536706 -0.490075 
0.000000 0.000000 
-0.899790 2.713000 -4.447020 
-0.362568 0.347207 -0.864865 
0.000000 0.000000 
-1.464900 2.714270 -3.787750 
-0.842078 0.262575 -0.471125 
0.000000 0.000000 
0.899790 2.713000 -4.447020 
0.362568 0.347207 -0.864865 
0.000000 0.000000 
1.303820 3.594280 -3.272910 
0.686858 0.536706 -0.490075 
0.000000 0.000000 
1.464900 2.714270 -3.787750 
0.842078 0.262575 -0.471125 
0.000000 0.000000 
-1.065390 4.396150 -2.210290 
-0.232542 0.862215 -0.450010 
0.000000 0.000000 
1.065390 4.396150 -2.210290 
0.232542 0.862215 -0.450010 
0.000000 0.000000 
-1.490090 4.010439 -2.377910 
-0.695182 0.599620 -0.396457 
0.000000 0.000000 
-1.763230 2.701620 -2.486760 
-0.975631 0.104993 -0.192665 
0.000000 0.000000 
-1.532970 1.924510 -3.815690 
-0.899857 0.073700 -0.429913 
0.000000 0.000000 
-1.722030 1.878460 -2.451390 
-0.988754 -0.055456 -0.138890 
0.000000 0.000000 
-1.008980 1.882730 -4.468279 
-0.447041 0.081600 -0.890784 
0.000000 0.000000 
1.008980 1.882730 -4.468279 
0.447041 0.081600 -0.890784 
0.000000 0.000000 
1.490090 4.010439 -2.377910 
0.695182 0.599619 -0.396457 
0.000000 0.000000 
1.763230 2.701620 -2.486760 
0.975631 0.104993 -0.192665 
0.000000 0.000000 
1.722030 1.878460 -2.451390 
0.988754 -0.055456 -0.138890 
0.000000 0.000000 
1.532970 1.924510 -3.815690 
0.899857 0.073700 -0.429913 
0.000000 0.000000 
2316
0
1
2
0
2
3
4
5
6
4
6
7
8
9
10
8
10
11
14
15
16
14
16
17
230
228
229
230
229
231
18
227
19
18
19
20
227
232
19
21
22
20
21
20
19
233
18
20
21
23
24
21
24
22
4
7
25
25
26
27
28
23
29
28
29
234
28
234
30
31
32
235
31
235
33
30
234
235
30
235
32
34
32
31
34
31
35
34
236
30
34
30
32
26
21
19
26
19
27
27
19
232
27
232
36
27
36
4
27
4
25
29
26
25
29
25
37
38
234
29
38
29
37
39
237
38
39
38
37
25
7
39
25
39
37
29
23
21
29
21
26
12
40
28
12
28
30
20
22
41
20
41
42
43
233
20
43
20
42
41
44
43
41
43
42
45
238
46
45
46
47
48
49
239
48
239
240
46
238
49
46
49
48
39
7
239
39
239
49
49
238
237
49
237
39
24
23
28
24
28
40
33
3
2
33
2
51
52
53
241
52
241
35
53
13
12
53
12
241
51
54
31
51
31
33
55
1
0
55
0
38
8
55
38
8
38
9
4
36
56
4
56
5
232
50
56
232
56
36
7
6
15
7
15
14
31
54
52
31
52
35
57
58
43
57
43
44
43
58
242
43
242
233
243
59
60
243
60
244
61
11
10
61
10
245
246
247
248
246
248
249
250
62
59
250
59
243
16
62
250
16
250
17
253
252
254
253
254
255
64
251
63
64
63
65
64
256
251
65
66
67
65
67
64
65
63
242
68
69
67
68
67
66
70
6
5
71
72
70
73
69
74
73
74
257
75
257
74
2
76
54
2
54
51
2
257
75
2
75
76
54
76
53
54
53
52
75
258
53
75
53
76
64
67
72
64
72
71
50
64
71
50
71
56
5
56
71
5
71
70
70
72
73
70
73
77
73
1
259
73
259
77
55
260
78
55
78
77
78
261
70
78
70
77
67
69
73
67
73
72
74
79
13
74
13
75
80
66
65
80
65
81
65
242
58
65
58
81
58
57
80
58
80
81
262
263
264
262
264
265
266
82
267
266
267
268
82
263
262
82
262
267
266
6
78
266
78
82
260
263
82
260
82
78
74
69
68
74
68
79
95
96
97
95
97
98
273
99
100
273
100
274
101
102
103
101
103
104
103
96
95
103
95
104
105
106
107
105
107
108
275
102
101
275
101
276
100
99
109
100
109
110
109
106
105
109
105
110
111
112
113
111
113
114
277
115
116
277
116
278
117
118
119
117
119
120
119
112
111
119
111
120
121
122
123
121
123
124
279
118
117
279
117
280
116
115
125
116
125
126
125
122
121
125
121
126
127
128
129
127
129
130
281
131
132
281
132
282
133
134
135
133
135
136
135
128
127
135
127
136
137
138
139
137
139
140
283
134
133
283
133
284
132
131
141
132
141
142
141
138
137
141
137
142
143
144
145
143
145
146
145
147
148
145
148
146
149
150
151
149
151
152
285
144
143
285
143
286
153
154
155
153
155
156
155
150
149
155
149
156
148
147
157
148
157
158
287
154
153
287
153
288
159
91
160
159
160
161
289
85
162
289
162
290
162
291
292
162
292
163
292
293
164
292
164
163
164
270
165
164
165
166
294
93
167
294
167
295
167
93
90
167
90
168
90
91
159
90
159
168
169
88
170
169
170
171
296
86
172
296
172
297
172
298
299
172
299
173
299
291
174
299
174
173
174
271
300
174
300
175
301
91
176
301
176
302
176
91
87
176
87
177
87
88
169
87
169
177
178
269
179
178
179
180
303
94
181
303
181
304
181
94
92
181
92
182
92
93
183
92
183
182
183
93
305
183
305
184
306
84
185
306
185
307
185
293
308
185
308
186
308
309
178
308
178
186
187
309
310
187
310
188
310
298
189
310
189
188
189
272
311
189
311
190
312
88
191
312
191
313
191
88
89
191
89
192
89
94
193
89
193
192
193
94
314
193
314
194
315
83
187
315
187
316
97
96
103
97
103
195
103
102
275
103
275
195
107
106
109
107
109
317
109
99
273
109
273
317
113
112
119
113
119
196
119
118
279
119
279
196
123
122
125
123
125
318
125
115
277
125
277
318
129
128
135
129
135
197
135
134
283
135
283
197
139
138
141
139
141
319
141
131
281
141
281
319
145
144
285
145
285
198
151
150
155
151
155
320
155
154
287
155
287
320
157
147
145
157
145
198
321
201
202
321
202
322
199
203
204
199
204
200
205
203
199
205
199
206
322
202
205
322
205
206
208
201
321
208
321
323
204
209
207
204
207
200
207
209
210
207
210
211
210
208
323
210
323
211
216
217
324
216
324
325
218
219
213
218
213
214
213
219
220
213
220
215
220
216
212
220
212
215
324
217
224
324
224
326
221
225
218
221
218
214
226
225
221
226
221
223
222
224
226
222
226
223
327
328
329
327
329
330
331
332
480
331
480
481
482
483
333
482
333
334
335
336
337
335
337
338
339
340
484
339
484
485
341
342
340
341
340
339
343
486
614
343
614
615
487
488
489
487
489
490
344
491
492
344
492
345
493
494
346
493
346
347
348
495
496
348
496
349
350
497
351
350
351
352
483
350
352
483
352
333
350
483
498
350
498
499
350
499
500
350
500
497
337
501
502
337
502
338
353
503
354
353
354
355
355
354
329
355
329
328
504
329
354
504
354
505
506
505
354
506
354
503
616
342
341
616
341
617
356
352
351
356
351
357
494
333
352
494
352
356
507
508
509
507
509
510
355
328
511
355
511
358
353
355
358
353
358
359
356
357
360
356
360
361
494
356
361
494
361
346
512
513
511
512
511
514
362
358
511
362
511
513
363
359
358
363
358
362
515
618
619
515
619
516
361
364
365
361
365
346
360
366
364
360
364
361
517
518
519
517
519
367
520
368
362
520
362
513
368
369
363
368
363
362
521
515
516
521
516
522
364
366
370
364
370
371
365
364
371
365
371
372
373
367
519
373
519
523
374
368
520
374
520
524
375
369
368
375
368
374
521
522
525
521
525
526
523
527
528
523
528
373
529
530
526
529
526
525
376
620
480
376
480
332
334
377
531
334
531
482
348
378
379
348
379
495
380
377
334
380
334
343
347
532
380
347
380
343
381
382
383
381
383
533
620
376
384
620
384
534
385
535
531
385
531
377
386
387
388
386
388
389
536
390
391
536
391
537
390
392
393
390
393
391
621
538
380
621
380
622
539
540
541
539
541
542
543
544
394
543
394
395
396
545
546
396
546
532
547
379
378
547
378
397
398
548
399
398
399
400
400
399
535
400
535
385
549
535
399
549
399
550
551
550
399
551
399
548
552
553
386
552
386
389
401
554
402
401
402
403
381
401
403
381
403
382
401
381
555
401
555
556
401
556
557
401
557
554
393
392
623
393
623
624
398
400
404
398
404
405
400
385
545
400
545
404
558
559
560
558
560
561
562
382
403
562
403
406
406
403
402
406
402
407
408
405
404
408
404
409
409
404
545
409
545
396
562
563
564
562
564
565
562
406
410
562
410
563
406
407
411
406
411
410
625
626
566
625
566
567
412
413
409
412
409
396
413
414
408
413
408
409
568
569
570
568
570
415
410
416
571
410
571
563
411
417
416
411
416
410
567
566
572
567
572
573
418
414
413
418
413
419
419
413
412
419
412
420
568
415
421
568
421
574
571
416
422
571
422
575
416
417
423
416
423
422
576
573
572
576
572
577
578
579
574
578
574
421
577
580
581
577
581
576
424
425
426
424
426
627
628
582
427
628
427
428
429
430
431
429
431
629
630
583
425
630
425
424
432
433
434
432
434
631
632
584
430
632
430
429
428
427
435
428
435
633
634
585
433
634
433
432
635
436
437
635
437
636
636
437
438
636
438
637
638
439
440
638
440
639
639
440
436
639
436
635
640
441
442
640
442
641
641
442
439
641
439
638
637
438
443
637
443
642
642
443
441
642
441
640
643
644
645
643
645
646
647
648
649
647
649
650
651
652
653
651
653
654
646
645
652
646
652
651
655
656
657
655
657
658
654
653
659
654
659
660
661
662
648
661
648
647
658
657
662
658
662
661
663
664
665
663
665
666
667
668
669
667
669
670
671
672
673
671
673
674
666
665
672
666
672
671
675
676
677
675
677
678
674
673
679
674
679
680
681
682
668
681
668
667
678
677
682
678
682
681
683
684
685
683
685
686
687
688
689
687
689
690
691
692
693
691
693
694
686
685
692
686
692
691
695
696
697
695
697
698
694
693
699
694
699
700
701
702
688
701
688
687
698
697
702
698
702
701
703
704
705
703
705
706
707
708
704
707
704
703
709
710
711
709
711
712
706
705
713
706
713
714
715
716
717
715
717
718
712
711
716
712
716
715
719
720
708
719
708
707
718
717
721
718
721
722
438
437
436
438
436
444
436
440
439
436
439
444
439
442
441
439
441
444
441
443
438
441
438
444
586
587
588
586
588
445
588
589
590
588
590
445
590
591
592
590
592
445
592
593
586
592
586
445
446
447
448
446
448
449
450
723
724
450
724
451
452
725
726
452
726
453
454
727
728
454
728
455
729
456
455
729
455
728
594
729
725
594
725
452
594
452
453
594
453
457
454
455
456
454
456
595
458
459
596
458
596
597
598
730
460
598
460
599
600
601
461
600
461
462
726
731
463
726
463
453
732
727
454
732
454
464
464
465
733
464
733
732
731
733
602
731
602
463
453
463
602
453
602
457
465
464
454
465
454
595
447
734
466
447
466
448
466
734
467
466
467
603
735
723
450
735
450
468
736
735
468
736
468
469
604
461
601
604
601
605
469
468
450
469
450
451
735
737
738
735
738
723
447
738
737
447
737
734
739
740
470
739
470
471
741
742
472
741
472
473
473
474
743
473
743
741
740
743
606
740
606
470
471
470
606
471
606
475
474
473
472
474
472
607
476
744
608
476
608
609
460
476
609
460
609
599
730
744
476
730
476
460
745
459
458
745
458
610
611
745
610
611
610
612
730
746
747
730
747
744
745
747
746
745
746
459
477
748
739
477
739
471
472
742
749
472
749
478
750
479
478
750
478
749
613
750
748
613
748
477
613
477
471
613
471
475
472
478
479
472
479
607
759
760
751
759
751
752
761
759
752
761
752
753
752
754
755
752
755
753
755
762
761
755
761
753
763
764
762
763
762
755
754
765
763
754
763
755
751
756
754
751
754
752
756
766
765
756
765
754
751
760
767
751
767
757
758
756
751
758
751
757
767
768
758
767
758
757
768
769
770
768
770
758
770
766
756
770
756
758
3
1.000000 
0.972549 0.929412 0.560784 
0.000000 0.000000 0.000000 
5.000000 
0.000000 0.000000 0.000000 
0.243137 0.232353 0.140196 
none 
1.000000 
0.294118 0.294118 0.294118 
0.000000 0.000000 0.000000 
5.000000 
0.000000 0.000000 0.000000 
0.073529 0.073529 0.073529 
none 
1.000000 
0.290196 0.360784 1.000000 
0.000000 0.000000 0.000000 
5.000000 
0.000000 0.000000 0.000000 
0.072549 0.090196 0.250000 
none 
3
0 
1056 
0 
352 
0 
327 
1 
1182 
352 
394 
327 
424 
2 
78 
746 
26 
751 
20 
